Поліщук,215,5,3,4;
Поліщук,212,4,5,5;
Руденко,215,3,3,5;
Купрієнко,211,2,5,4;
Поліщук,214,3,3,5;
Кравець,212,5,4,5;
Осадчук,214,5,2,4;
Іваненко,212,3,3,3;
Броваренко,213,4,4,4;
Шевченко,211,2,3,5;
Кондратенко,212,2,2,5;
Шевченко,216,5,3,3;
Косенко,215,3,3,3;
Кушнір,213,2,2,3;
Сидоренко,216,3,4,4;
Марченко,215,2,5,3;
Іваненко,211,5,3,2;
Кушнір,214,4,2,4;
Біленький,212,5,4,2;
Романов,214,4,5,2;
Кравець,215,5,5,3;
Кондратенко,216,5,5,4;
Петренко,216,4,3,4;
Гончаренко,216,2,2,3;
Купрієнко,212,4,2,2;
Соколенко,213,2,5,5;
Калінін,212,5,4,5;
Гончаренко,214,3,4,3;
Коваленко,211,3,5,5;
Захаренко,211,3,3,3;
Колесник,214,3,2,4;
Захаренко,213,2,5,3;
Терещенко,215,4,2,2;
Сідлецький,211,4,3,2;
Колесник,213,2,2,2;
Ковальчук,211,4,4,3;
Богданов,214,5,2,3;
Сидоренко,214,2,3,4;
Савченко,216,4,3,5;
Левченко,212,2,3,3;
Мельник,216,3,4,2;
Кравченко,215,4,5,5;
Соколенко,212,4,2,5;
Броваренко,211,3,3,5;
Левченко,216,2,4,5;
Соколенко,212,2,5,4;
Гончаренко,213,4,2,3;
Кравець,216,3,4,2;
Терещенко,216,3,3,4;
Зінченко,214,2,3,3;
